529354646301369
526582921244689
917760095660628
519799150567213
536030866556020
865617873074418
537854673292662
507084060391812
911556926173641
523601608594449
305253872709636
505510701314906
304975782665893
868301614620147
355426247419078
109978002509732
104931407677617
549720060603603
536670173976427
353548958871668
995518478807926
449425523608964
992284625959721
522045607426339
456367819500168
546181962017033
336064797931046
501650935159927
331989283820466
988310533909296
866725547474408
101188952752971
548949213449686
912158829850414
987468170526913
541115748523190
010108106367658
868908799784389
544600943546556
497979633351510
449498255130549
014587081118028
541435950430789
500271642049979
359560871476503
337870466792090
493700239902132
015320776730728
549307306963403
514107144755081
338712797745828
984628153436017
339147975696536
333356508300138
547396266748278
455851851369344
517263174411322
490897036853618
490472383740949
989949764187046
989926949981485
865664802170768
106084546905073
993758300306026
523368468145478
105629188462469
512948287644349
456000740751937
981141854616716
445849525969013
354641808611050
530390035944747
867463249582026
012151067352598
017579287447340
869489148718526
535462059479309
514991238547540
446436378312035
548772946288407
511218898529730
913480624972154
996940482128512
331659931798790
497395592925766
918433774126092
104745382156599
491796953837688
914807246681558
917674214462057
506645969220368
445477880176964
530395172139225
541186384860733
490801750623843
869250123767155
538654705980980
529512904829591
537523171876686
994902932560290
509346987175976
499087570489034
338309779173796
305890807758905
353069130642331
499398426293102
498399577817062
917331012302379
533741483609157
860950252448043
497129881849126
502049316022359
915607072932193
545251698451631
997781935502583
358015741168187
864192968887943
441695423546245
442403676580725
353010011016039
013143609249340
330788900144297
350992373952948
515671539192258
989805617097107
526245483896185
527264658787425
542899288691108
863073424541343
546966177218032
997945016014392
015075247512325
862855610759965
515850387928134
333537517882345
359209643538105
305970186286486
456636996144325
545862583652024
450714902604249
915705520832781
307805583582103
332421281783776
496967914004032
524011806300079
017520413020312
543662218618628
517392010440722
509117702185206
441865009239784
866258103450653
549296489431140
996287173465872
990196262770413
537929262540950
869049263956861
017109056988975
304547198447289
018137646321778
452282721352091
454145171989225
456831623990196
514439015455891
543657992983990
999706379314763
491462397833656
306071045203124
915185594841713
514172317007561
862967555073920
336940622149989
532843169623923
494168685304188
100328214531265
494961441087554
454084053712712
514698373023613
507247621232615
542978954226439
537178558181554
866737561348244
991961989933282
506255521909928
015224400764790
334599985343282
534645927846359
014139632227294
987088992260853
354633889747309
107037513103949
544277810484953
107323087210488
351686182087610
913742285407717
440098924969100
015150904729379
357219515298359
335854258047220
331049005873127
457459489147807
010871279384749
309891004984324
010052213101107
336805864642704
491711803561172
510079491731672
491931281146136
980858339649209
018300196675098
452957728822739
307608183830603
528861840411035
353312971019684
514132834193146
517891849252067
502189642981298
015082105857958
511063349951871
351502231040676
997025612101172
455649273619118
549697258331801
357157091465804
440716468645667
442236629411949
533100499401705
516369715999633
917432128598072
511027629688537
507396824631618
109923618344801
493248112888176
352235048892836
860882643622137
495143904945805
012678431324259
507496486841032
524433003084100
999200018219542
917520543050255
917846650041690
915735314829941
996263817513120
354784827393381
992625885050827
527019178640573
526106343137253
103351055074416
998566404833521
544535993900164
358879622602089
532637310887951
358149859443247
984403878931886
500648432173632
457338135041053
498376482659011
532836871855312
300097156193958
507670220864522
493201428776155
444319124262674
524081374154885
350223279586451
498109275441382
353024689582537
441215301157849
359299782445386
501950363862186
353897415096751
520785765966632
523561895146214
449372432469973
016182538004787
441056358007846
455661143798709
545675822765815
491773526193147
516934723711740
996901252301747
513588191251366
520223476719561
863099902696077
523751079885386
916532446236510
507092780767617
981471883298032
338030849305123
513430925781212
010382495464935
356206565857102
338591426564424
352363891074649
539162755512025
529539454604603
509077772814079
459344365812104
504043046702651
457438534913835
546051154372431
444609349981060
353085299390066
508494757015641
016519702756322
338497855900016
446873446766885
104275775598181
352034305602339
988163897853406
307859218388253
356682415200802
353885997183576
490291619392477
541894950319592
987424181069492
304492671999854
544887003730499
333051391390664
446104260630670
359264535026453
449914961064715
359569353445456
445161079322676
535780434358959
989447165968452
915949460615554
919467475980281
531021655244485
543265975184709
911874311855569
496854707927811
985388417694799
500302831039594
981398602237258
332479832900950
915591650216809
010908158933574
491625463101824
910241765206825
301921194525914
440798214389592
497945759782390
534508506280483
499569938517879
523725916754732
442154532163491
440733040552493
995248799201647
331018827268030
443033526462060
502715551494228
910482770366853
103863354060201
333727945259196
018817293064173
359696442023364
509578503998008
015757732707151
509327818558705
529922307994993
534918462889161
992199698822855
300340229526469
338208671155218
015532782285865
980491370814902
548908388308291
017536760229249
443167237631736
447751605952125
910388601238080
982500173431207
513360476498298
506570176508423
301359529795276
518533947268616
442499410452072
509281053856698
540648482310896
109781521900105
539947155501572
863127512888576
331281437473388
505614159443785
862473523256945
505775257024908
441625262348288
108089767384047
491122735268771
515760062855173
986448558530175
549026033872592
016858800750807
987481742254385
330498975869907
501727527210605
494206428292862
109041394692739
490464386101781
517572272056106
512025975917046
335077871897025
459813870161090
017299256968693
866121934518389
869242759400441
308530129108697
860826749969850
505575160558889
512162145269683
526174389728625
509133722116113
525840074208112
015402832928940
358529888272594
993430237923600
549752921820902
306371556714935
918491544684154
308875071645505
448068021774382
447524516995743
354026344517518
535607408170153
999275561524720
355321401202396
982621614977663
448998211011031
339170602368006
337525227124815
308702437524168
450024527163849
860472602351769
308419996472040
869053768449174
918629800611797
107245935835416
332841877910816
996702438353010
916355978826015
994342517575688
300381631916138
992398281597359
304912989248579
300244895371772
331188481521253
997625702781963
527469331738816
991435452298150
457596554036322
860193389684624
520423543938026
997477748482127
104331505218150
456306615902194
516488370340550
452990281520176
013674559974537
017415943159674
509374695413695
537191783498305
512102171581080
513395072607553
867382365548654
528851047805501
496470160818858
512567601202731
355654677480027
546604281489591
104433696460755
505985048339206
522033175983808
911567491490732
010686459915181
305909796054793
532947015421109
507792755092079
305806255645584
332128002740817
103804747890680
549353259459676
865616302757163
358574715968352
446615599544837
337893401008117
522527477497664
989247713313759
010308160202342
517162894952310
538165128494277
333688989457825
547785274398268
336958802950836
861704900651717
987114872675976
450916773221876
988249336548705
107175246450565
336778303239822
104138425740837
529057170980264
100516455728307
528101239685679
309564258371452
546380785841302
106676819473141
539040386099374
352691195067152
450685318131060
457613283429072
459189636456243
981613394491040
913236343987265
524722961214745
534203007464352
015353667014316
993745527351166
915883724222321
492612724044141
511109429809727
499073672312316
302977026253512
514301022163894
355477861786896
916211504604469
525440906499300
546398146385587
511103187231935
300001435027011
520935873440943
985678697985721
335520150629114
996381094335098
014409208925179
510074563954617
455058989964380
307067699161120
017163529063528
993540883182457
995803565345885
865596765558680
309062045951462
916537979917030
913846036103630
498883080716515
530163569051662
865013312120303
498590491582036
523982718792960
521364895243970
108200487071240
501578894218253
446559320314096
995026686144645
524255682552978
101675188375387
455139959693579
531246303435728
010712835715853
514611620428576
500219079740438
333520464427835
995996804724389
983610228973068
502396345674282
309659501729918
917261500130851
335929082151487
450949621799850
447552586596729
504357944462550
530375517011008
543932096512908
998890418531057
014365938794691
989401520127601
541697345880347
917741769722951
503511749698187
306434831852753
104566973741973
492502380737551
017648875075514
445478357348698
335309480329755
495708802167395
546677483503575
509646865528224
502883361761135
997114143689630
983149266255492
442612842113878
015459420490873
911946023381413
357383194892286
459190837071658
503904971450114
515640692407035
352723216000761
013417045668069
447727956447832
333186766711399
109220297365771
105673537298760
536492459108306
917712138961042
537319428580753
453918359648537
106890366143201
459182151653088
355988805994453
494746735052145
103385023915219
014860675332754
304057351851947
303187036394939
458928390894235
540252137350041
980511372821538
997931110735645
330016634851247
543574394812612
357450955940677
994956065606221
985498343586991
338645318024903
509544385859650
449647317583257
519743105229800
014402097615753
490530609097145
983800027344450
869428131032024
519832637236068
528470510227570
998134926791287
012657265219793
989864574985960
010741857996133
446387557135566
355132216768368
524785241568222
511586080085459
350030485893187
995213985879143
501089513803855
986495056281892
456808506620223
986953608524425
991304590554082
102885612072349
994237991629920
514666758870502
519171578091004
532618037850209
339164530489760
542029578186870
501057754434664
868081399860163
869861644410990
523789613452743
338298179789162
338529513170754
998936973393092
108608060704070
351523894302138
527196646237735
988421815102912
503350506860361
355026207521176
339612149396586
998309918405209
494453408865164
334225711406207
336505461329768
454054463825321
109181658135163
503410536361358
458950212440039
352755821341610
998806397528732
338595176109173
019036076625832
865676046205424
459185309680754
985650478928279
542029556517757
500626877908563
912787728872838
355375196903360
509718207813117
986838195560504
549424776951337
503055833214048
446694703881450
919735825436208
869506899712273
982105409127577
916962732020825
332206423088592
351057373879043
109443404597223
517627510318625
454302905162187
105076842647996
527628546255987
541137352712596
351756776443584
014322972722740
307090708057881
339037196288595
869448507378355
107615744766459
503906888654639
453568083919942
988756524140079
013932253898059
308680422225043
536423455715414
517300832080964
305320087186700
491889602159685
529110380076553
992259053890036
304432092179801
861255638026474
492907032164734
339723273343508
457651468814049
981006070389770
335049198551205
862503400647582
353645255647583
332161169351763
918633141449081
992271663423058
444649257860690
996462833871831
501783517262841
546398289244633
354520476727630
513952828866279
357657525065179
546486052350495
338697579202694
513540599101883
309543098368340
441127755030861
863070180637596
359964841141181
358332297444908
549227196377375
521856546296653
506004269751484
541124255044103
995843482323094
532559958827331
998602769172021
519465241826378
545800197358166
520704075401388
911461492419421
520339661485527
995315042704493
304926076178960
914905062661496
501243962802963
502081418197664
107880406281961
510277695297645
535959389195604
526401744764072
445351272377631
018690815727936
016659243757163
501929445263753
509835424798499
013823508110095
547973618572521
526952518472789
443622867883726
912085306438969
538997614856134
014872625079534
980982260012383
013565792121094
444996542857654
337144165472010
452677777445493
449663126106784
338974853518479
546089400406355
917795911219589
862371523875856
982478571253368
527817283512862
910066533475950
865664779420840
919157921090161
496360640229943
331080868304371
503136118410459
330503985597974
546898008035261
538951380615570
333096216858346
442272979872307
993013934670565
306290210076970
106988323097393
459274843178754
012912426958155
863590414906301
989532358284070
869011230580059
306574324746028
914699690106913
516242223915302
548296106870614
513151728715328
536065679874400
862154849349024
507339029739950
501266919573163
334979998222618
993755517389910
531252146305342
868003118843395
529517569974970
448189328425096
459668558391371
105807275355297
861398054576547
330751917304536
998632959773361
990354474282301
507995022744097
490278048437254
011411491602880
107480450424326
443513075599164
455451632776121
541992288741469
980478870711985
530709428016690
354324433044001
914956833535865
987918999774417
455054883334986
538597836097044
541814999275019
510516637829977
535567540941277
869224416014450
497526336899681
545794794927152
451808045786126
542578776123531
356996213937237
506685407876918
012813723855914
454782219566175
350954422470512
993340506588408
508694110390165
458220361310668
012592122377429
538890255100658
504781513900494
865577969522649
987090020202832
444438360302067
509097474217645
353010785307176
918271251267959
459180026864344
353977073051189
336133984768147
309773155896418
442495245199151
547773691180915
991636819989429
497207131497431
998421866138250
442641712032140
518192365102060
449544206379220
441164650540363
019493968686754
449298003954533
543204942839913
537462109022883
017595129621934
458720073367013
528762651553909
546822493946022
992599317715002
456987289912484
518408917828949
011712344603649
447734510858025
451635264889798
520469977480233
336688775308759
534933280190965
514849369386213
442295476713039
351773338279919
996237268896648
542702284067572
525443391613484
454862931356194
912864036454474
016944232215864
499510244557803
350909825343435
452932070208100
357434662354828
516606951572750
492884545432322
106615802932531
440842429497418
499289500150898
500385681269742
517584274904472
307648923286963
453801426064476
548320330967903
919784681638507
336166931125193
493066512939153
991491408625350
518569191240141
457191308251672
540400723636410
106360782358916
515662368167347
865097700055551
993228355589298
105632430873012
109314787365548
530636770139673
986648537757860
353003511979871
989576071853182
543079411919903
547793154513162
528268713240501
994613857051807
356284863484994
353573226962016
549936732970184
536039993815860
918307427299359
303643265377623
864839327014763
355777557781717
919823141082268
511974263560656
452031432249405
495309002891023
999105345530026
332739542509056
016856117675899
980682311498850
913746600932903
356414620653371
011369138746470
507304955215441
339472393881001
510713260218590
916725813167892
106925776305758
918147390799872
985533682259931
307802848635164
918133239662265
918749635534103
359175077567797
531729607196187
997382518047417
911751733260927
354322976095422
867558606786852
549843973047146
503913632812398
522038063443476
539365836117926
985474431131370
519448410499045
914163185643385
105513103492886
528119247397988
505958625498927
357762880520352
915514620918668
447370329621690
502691637444786
510366028936399
444179108589553
459693157868108
444784362025572
547101052870223
350024573046709
984078247152982
985997759838796
106652417693935
492385770633311
862531264191645
300022294894051
537246358149079
010423951438557
302391937496717
549976793650044
457798078339931
868112059612378
336034938223314
018492268611091
457354376720222
862668941369101
336485682450125
357859432340352
537760355344822
011309539264376
538648742691030
861947597244276
866227309329243
459149591580379
536938173171855
016229093905401
547841227200596
981972582263649
502439166407513
332796245419470
868040795972469
016779685754286
459903527246152
540811199160158
448837770482128
308684798975611
984169242215740
910390197258043
496189106621560
107501384786595
914192288349152
860429233882067
447359111066453
359687474987105
543084796886347
911918957522080
912722981831775
353798652705932
454092372946085
351052450400284
016315030569846
302839259198683
533460163977731
537204799927470
446498047178775
354338018341061
351472272970399
865691890010937
499038527601452
994998217320301
451590557650888
010311986116068
990332229914840
524224198891932
917632502711882
868519218027621
019107920929660
495954944264951
102841084379241
333305106875207
105504300479420
331064974113611
353586702933871
537107576848639
540419131449182
352190382674482
456234678537394
513109845225761
011722045153596
498674338796536
535950557115797
523497380353256
506540590992693
106356139362007
306646929869171
917555611810941
864706437135087
494886136288474
102517014492805
505046398617459
518578440821882
861557783754119
516793547938594
453482170720462
350834406728095
868069051900351
526938067464970
454007528380815
012430688045132
984390824430164
989185374158099
990514958911671
991808862320303
525046058021204
527852307352938
992351206146091
520685696959716
011670922763542
525210837577767
528601920009402
306360900226092
492742534579182
528302583720977
547141687534596
994226752223486
494585495613203
446017382965511
443822075821779
305886979135831
456221929001395
982772926185980
359075603211565
918630528106912
011142864916637
442235141386217
915792218550461
916511282769057
490581917237089
510152474433333
499572071665646
549301633660394
511831065189839
105579089661380
998905678695861
910636853811081
989418645980011
109870002753347
454146450340544
535526924807793
359628309035298
359727203582486
984851856892142
010916335656240
307292966602545
492142032339652
547395194520882
545829599305087
101900846248655
015952695273966
992888746518347
452717026864316
456323123007853
497717442346135
338452422821146
338147133798357
514483967685279
450907044750033
332176125510898
996336184223018
513290011936090
912293080517020
102214375735978
867715026808043
333954397497203
999007855442537
995551739169802
997872951226155
301011128734798
545289550237250
359923328109533
500358442429061
351107569167917
508181567672659
498740201257607
305618289735822
860685445575654
106741572665174
109571680740354
106085165797469
333830949080525
108950175197224
447342766594391
987190349494324
012387187336935
337910568000560
458452892625781
514735885590174
537001034638981
442119432758088
458117433023826
453990446018180
332939776941757
994016612568760
512493483859029
103532343654370
330214220725467
334528704125621
543875936769248
012176845791726
100272656545336
441927928741728
338933874306603
302778176240394
358254447294993
492733665682739
017204734089146
520193494476785
862745785991255
440748222195622
018805569481981
518873754231079
866624679464008
541074559848081
980269246045152
352403908638570
980190533700392
333507013570900
514162151905848
999878633524238
307295552739241
102744407173426
100654236011949
455808889424608
540425827578176
450270644665261
992037080758834
917948729337362
443436297848021
542467455973186
862646867245216
102461385782355
988652408057358
869146067140047
525082511384517
995539498978570
916261969449215
353922834992396
106859434508224
913192084903062
982258360007807
540012744007982
861417958378758
011523294540388
448759625465514
983636070658515
493646713860066
995118922488967
019896044406932
524391107926081
300114042589925
507372629569733
330031797610058
301315567010283
983303624319983
102289297211126
308502694570510
336232007041027
358299659351296
455864390721834
910704680480460
337974272735267
309532755519980
916697408547483
998514602856050
918532848116003
338599778850598
358357701760821
514773049850218
355837590986382
516610874845822
306277234588742
539980506317935
535807325014175
109995065987290
440731088146525
491306335575731
442317990240842
440650220573422
358966720644400
506729030842663
338526118682399
995524240501508
105390154842552
105423861559852
353936640537831
458457859526088
355299932100018
011264867240847
336473040218616
540555892920620
998617416074172
514587329865104
012321758766139
549398458670482
917843858325801
535912676949415
107050272869071
525753180621427
987166633331968
911767956677530
106714462195784
985687650018685
548261316333241
452190861265512
103003079748067
335643605012866
493650038411639
983227499815652
545526128223241
535782083253929
494788254533824
529405346329629
532186412414942
912434622186904
444585961304882
916120210320304
527214388294275
912583657333540
108853900363907
510227613765835
305052801404933
917071137034834
491234904242303
514605145027491
534002498266239
448966988287225
987628280560207
453416194810321
017045695113817
539662973658328
015808081041195
453119806033593
532992007987600
449848929480540
339750630683979
980068150344704
442712745859658
998520978728435
019766849042846
531393344822553
913239743497299
548594319896149
451722834799515
515932250559376
353693251918285
492929880486589
542032435028251
307044798645931
515611422098691
980748725267791
525836354284252
869574761938004
447215856997650
453174864018325
503899032502251
529650851849269
993299144436273
861990457158962
335715756171715
519924347843851
450482906765792
504134975939313
018365412401082
498825251404173
336276190973181
107126585464261
497417762632947
998735313839453
446047994896655
109417315564951
866072874314315
302208578296307
010167223874350
533713833895521
331783243665057
998867927345823
985926001015564
353640024710978
532552312960443
524974382915091
443387435525072
306917537221844
530076439254995
100479176685548
527279866613072
530749900728099
109586026496354
545254134979561
537437754475933
516442779158394
544752127679362
519364772499897
352478318093236
529005988360542
996424989745383
517462001836202
490487456929211
108925434368444
530188527369070
985834240566910
537283478233012
101516624348382
304587363929547
980842741940240
018303202660286
986026015631636
512735408459925
532041870910461
530287420408470
499914180677403
355554939743834
016882224051568
453223795736909
998188560130129
338712824389350
525975977912756
533629871030245
539431211840688
544327549594885
338189167884349
495391661718218
504659928469737
541704456399164
535667582070488
514076760682541
511678310101089
546596882602913
336903209843044
527952770359707
916136568633627
507833415542440
503419065421376
441327697406175
335876891031709
541794154450526
336387573419203
104003209986842
012018975895309
335073013245447
988579807996839
335234101797570
103879894938441
500172613185497
998830427536366
518979376512711
307112044421983
989342545102999
529601445791061
332179961195592
999486823441203
450548825309423
499653898485390
992911373042033
359205308813106
910859465350682
860134888820962
534340612763230
541360376908327
542690934684229
013078391756195
503698817278776
860971340652776
512974713994330
985729170708906
989211110938584
547826964484982
518874550792421
910341005598658
520397400086360
101492325241492
863979794892175
537564880041741
529668143757959
515625980455895
988481273816015
449340984178052
504148890862632
359517322361692
454304382877576
863982140250619
514697166111882
333691507488413
524902098575685
100879858065515
457848602312654
531363073750580
331076626827232
101543172852102
302536231586114
013448737202594
450876424842332
332917687799191
539206957471710
332795234733370
543454891552682
521127749521804
100499438513577
997668153124358
508860303074946
333226948785851
015396611326641
530729689168808
351983277993087
513454975061317
459761115734413
015889041021824
513096270717182
506138391788962
501177373184357
333883567252447
309145885833492
539283119941591
015515885195057
303942070763138
989189294983214
330815743604581
458549222998018
454028861818765
304840605330903
915436379709181
917274904052316
862396948158414
912926946257626
530808707053059
445732157863151
107828976313029
990865833005513
106343911586094
513733821267495
102110549418501
532226626879710
441618085226971
458886925659996
333817895569304
866240525768474
352502942849448
528527983676649
537071198799861
526911559504652
527360758238978
867624252800379
493834812025761
984745425671401
534601184320885
539956924255055
443568652394553
916025357673961
868916340491198
525147914374553
498988129981952
505066946763647
513444850187113
866784779897125
300383367598494
491385107099203
525101424715888
531216218646198
989313539014102
511629430582641
982427569699835
109268892956502
300667318938050
336719401615208
534347870926946
019146649926342
301171228700576
992961537478557
523449959050581
866967128351544
453158409223276
517127648089818
989559811479864
355370702594373
547239572560245
525696669923659
330450230042812
444851261335509
545238624986145
861550974680847
017064568771304
520570270539680
545954738458454
532115705620022
336814957487555
300789667193135
533327783289823
912255300638860
309081541216857
446812716412366
860717231340496
351759235403280
867528104648862
335614646601108
336989740913503
995185599468812
350306883720044
354406880904306
356174761683765
543989551961822
521724422173513
514166771603378
996473283977960
105489808322092
016536947289182
519377880976135
302344221598326
869621017509152
538147609191457
535076276709189
514387079706438
548043348191056
528921263309833
359420739751060
535952075962056
860016783790467
516369153579764
993662111966327
448437726263977
527192362403981
453462780557207
994115138659259
452985439854931
533411883004017
447945319668684
919954613982782
527004789354145
442517281274588
492199288945004
995736411310150
541335396725885
518795734866353
866325326802653
866338610091313
860771387227155
994076201131875
868464217089753
350054055199890
106385375178793
549095912730767
537658793696409
527392375818890
542159224939909
305549559208853
352971550312066
353308861291979
915669432940019
336561839767304
529270371353716
529511864725898
525275217506397
014750028805061
449463759947533
988158953007061
993956026196248
305820323045099
451422802047126
443371348785635
358852380841694
549167137224452
538473569679293
502127194453605
507570617141072
981557690468600
490016899954377
982736237074456
301840623559411
336747938521359
332014732317508
529115261162372
507648591440759
100435875969120
353716967319363
105206376433055
303428591644403
986118813213137
305409203390716
519289274943052
532201655689009
018159985577877
997497149149190
540305906381850
514717734029679
913725341719886
993398300918676
352572552930457
527678570165164
440255291947941
304322330773285
443431588153538
864501356659112
534694659049956
453969692848326
504732221148272
501261202651669
860165878730167
010244438609572
513473874522443
356630444379006
492982148190956
506926489064795
509200880415965
305972061388031
914262810210451
523572312126788
503967277414662
354281374638177
868395083254735
101626053074209
015171394878922
918066104792520
332801025560566
017142141885641
919171075489970
504823687806402
103599386117987
447236813312635
518614268154666
507401896538293
496154668399146
989349066613676
546653388008465
539732486952284
917487444916473
504500206519043
514739242009860
443673146346936
528405473059800
522608803162279
987552877272291
522660731283115
016240541240705
355682395660513
914327148509575
450668844521392
453340066243272
510486956223048
457956469685425
304248326410733
999751287296132
308590837729655
331254320556692
019328201593336
510045490611157
304354969911381
524570367669222
458061741672934
448967010010346
353372305372654
526776308095082
860493065793420
869743180578440
457048142574562
440139264707658
981603772165704
494208957625975
919886409806678
987564344970076
354353366084841
525344417098595
330371844857249
338015371760175
998703017023428
992108357026732
447563019473584
993050054180769
441269694379981
306787647320327
525841261640497
990461911719413
495456837156849
864281503162191
530311980926752
498548388211804
917494338538793
017816210922506
339560464185896
549462076207000
517413990574171
108779131950453
869747009389566
109490703014285
541931096653631
986339231971557
992104828996348
102379606377500
916339654251516
109796885447527
017440309983269
492059680206332
540098350883808
519048098691481
513643394217316
107402678475922
490578751067572
300048700100049
549993402617199
917861030178211
522033326485406
495442430324901
305337181486950
337084556508867
997381599404638
519768933020246
305322009299447
861695497015292
012866390542488
333686330881297
308136318868727
338936475938898
011895358219277
516185053751844
305462526256239
515125980949724
451685802587362
495746922693478
330448171581608
503636697609363
330115744849719
536593712916417
981563165862376
498872375203305
011856134162215
490839966614404
916028273612626
524374433494032
106185313854111
985917302891225
917230799383943
336403047092672
990793134607094
308523819670878
983962130502612
442647570263016
354223121172639
302547389609392
103867124093491
306123079609898
351008607578018
358905638487015
996711985346871
549438960694024
534417240410770
356345288241549
915993998515878
352617738461040
012838990812959
991851256328185
441948673132020
453130472107801
517539807998813
010210040729454
535132133553714
452800715696668
357840848771877
987462903006814
494528519969896
017101846992144
501145107164706
335600406142607
996460000203242
993982188694093
528970102792915
533135763788833
350863731397706
995170427837206
496808022492752
989541375814090
525928644998724
544862423854195
523746369752239
357990155529325
491448808680414
522848581999860
522929092313468
528485611286812
912344913029269
350732944420243
490741057193332
506347769898325
862905526548984
492856977669639
532570547839711
918079740750778
451987645009780
337536817809426
490912902433336
863768908520313
530589495631567
520034263024606
446896739835166
911799401917971
539977484095814
013692031981516
864213235164468
545674591755834
440778403668204
518234252689534
013695904983956
864797510743459
445322014439336
537648733514580
919701450953180
914168893719765
512816349485151
513513476758364
526958617061597
528586626883210
916252962021416
309162190239471
531245622747029
103279580239719
865566042663017
336078819126088
524555737082123
448541035079634
864503564583100
457442281176984
524368821608823
359904687389171
865134832675491
302320751776649
354824845529069
013849945547714
491177044747618
494883323067902
448192727405065
100481611259350
356903737091152
536908136548143
912139777436075
455521707775479
547530549732374
913253970585932
511032274502843
301751376392852
914639842672362
101230024652746
304940101490720
305416374803492
520923960834715
334622843585710
337598160957855
868667731672819
454078831308322
524461463026824
865321944298896
989648903252881
493221627735331
443160199747947
012182370085047
989486748560584
997379801441331
528177314762096
868895909503041
444631353586932
526525158150426
524756813429911
916439283106287
330508607391029
446514399287509
358782319383015
300611533211059
998767353705690
446900834731666
016028857833910
014519463964315
509352204759212
456623715685101
493200939940680
356238832876334
990584827635694
448605601885938
496757466727696
531214809810810
499619623524092
512390482729551
334820520507854
013406874963329
458312332431234
534042784304203
991502146303975
518312777930763
104046149176503
510897865114542
530588768289848
911833975664865
018949370678896
331012685471273
108052559157526
459864591552422
307570703114456
010815765481006
498188305202667
547905745947093
864430600373108
530025555719653
442140760648477
337428200827274
990022357140413
103347945491737
013957032422442
443314388689887
912380145946920
986630046601219
531621867325772
108757611576634
357467540781952
988965395691025
331147722110805
339022387127968
535752607744851
497541461728969
354243945606190
106630628703057
510383719079611
998442652475805
860725472741652
359996741425561
447028787212457
992065845413312
522144745686043
338789541757200
998129391307890
509441906596053
443526384508403
330252027636248
106283213446912
919585574449484
355831648260049
532444478939157
540163074619241
980367234770508
451288437814820
307816052484507
456228825527829
445915930815164
530778677167991
491279118885744
494064525016464
017086550887913
358376634896551
337800540949762
995382743976754
997619055157384
496665115984974
499655351403240
491230190692854
865490125645363
517520547020613
918922209173109
301502912962520
454548423627438
547892788433688
509467328177842
519971339887974
019181317865761
997177659679857
998674355710902
991307804284404
543133552376256
503878392435088
994025166961305
301735115033273
547330094794014
919918618658176
523881151988681
441925659949155
527617290949739
450563212343323
526728053494663
497552171725393
304554641881288
527096025838782
013226963351180
543161283702821
491008182980622
544055987103600
539459945675559
498831495584770
497689855853297
980332747177104
506762199920327
521250322940900
544645772762741
501508831266628
440362889268373
015796502054006
456574318725507
536222023947172
998435103722601
355172609592686
355526051079064
334689598076914
517956072470726
524610098701827
358052198096397
869833623044876
501914006636613
911987771923154
507169475923026
512999093593519
107260989518594
996540073899974
990984959215176
491432974020423
015287154753244
495356354077503
528610467235486
451096408042796
911507943114688
497761093616503
990830408721597
517833663775468
350703051142821
993806821646006
861270480854386
501313835839128
495886791483237
516116042698382
911470049030896
440237518673534
511923652949533
860844324936947
494267523187530
915075074858503
546109809502057
864784655446304
300604470204260
447337131168707
101952384196689
492815681565772
518975795258324
521280151154968
308677171824729
019997811483938
498289686622984
109032451824612
546081027556118
015784113951083
301594109434736
502881773748906
985259565136828
998552822668707
308219947389982
862049392492819
982232255873912
494563562140491
911194711368935
514551764407616
307928640113199
338793262132346
518517048904757
991886314773881
496980042078364
534976096467549
017438506341083
505491803534834
496487295713309
453537063586047
011037626448152
542446662097328
452602685808079
546529562331222
452491611089594
334513527613334
913544955564292
445646432606161
493583412429689
539191312226555
529173511798750
910532239249866
443521415235142
533985149237768
335659040266495
358760055363078
984337940376607
544386184994677
523497455624862
995782290564715
866734642194374
453085459933951
519998285403613
533494529324148
440276024048955
539561936927665
912215146649737
504453087279289
913135248820243
335462704063401
999424183259584
521687835141395
451773487440717
303082408465062
302201722838371
444215887428991
502157520700809
995320773063051
304353253455774
508144652938211
102943337405490
309233138462234
497942083116932
500246130785318
351120798687589
450606982458266
357938737337592
334229946109420
519795617168322
352805358015267
353158687366988
981902925670846
359159702636557
010229726607396
861223026301537
453642655843085
449351345997718
991961599618455
446269498312027
989092754250365
493323542987516
998892229156843
106139906701841
501371458015780
505202189322862
529113669237003
519600684271472
350949537181368
505753551592748
864631493960337
860052780997490
013673071949092
100437127573270
992862383369512
520467881398129
309069226300161
338179519571165
305752882526880
498588853451147
305918493845684
919107338809919
538656681935128
543995724966549
521138517442958
511498842741314
354223482594173
987562144806383
451614507309682
442069081252901
017227969415603
104557650933280
301745570637146
985134159982715
988536182141480
499336643561737
350000511762235
108464626636863
442871446983348
011778640665988
866116715867831
993089238159273
861780919044516
495538965355861
544576264553506
526356343417979
544706789230229
997027245575392
017730078319970
336720209237286
358890774473401
919357196807808
993443086610251
541429584378019
861199200158689
105075169083264
863116989737366
358363324740307
986620184588344
988486322467967
011703475891889
535998737322684
990077696341023
866291001274123
983008578540720
337135754066197
529793297670376
019321618301427
445982020188514
443125051003564
524247312963907
526042690736613
458338212124466
453776849229205
334789933885506
492284982152220
544185254317870
996991300139421
011888417649659
984566968293001
910721653258004
986413721489469
017108460876404
865253753526192
105605380315713
516570303301914
105002350706826
917138736101874
986236054113749
333296794052888
525321035304670
494006708765938
913135991354457
862283278249809
309918548771832
499734046486454
308402916697730
998284647038516
442449977965750
331199588422162
539125606212368
332408634056620
302289026708689
015698679400584
525742413399893
982526885365672
508061794620731
991090718367263
490671583555268
337947414237962
333096235633704
019854720445203
544705103446792
503635339685971
537370938136925
304175769935324
503570068538606
522333140227525
988429098701524
358898859670205
359913637756991
508166018075032
333755821133359
307249873247459
103097697990663
455606032330726
107585651985493
100071917526287
980891224497277
444719315397496
358799175264352
508898779562572
982072628563216
454133839061298
508859294006875
303804875341637
456547082999748
529075665969782
993837914376672
503900572330564
353135109026432
991682086544414
982738042072402
109148779255022
101144306541370
520028206768394
992463111361358
446776247488536
308862816947289
980164142407483
527858137110545
542837629059205
546653762238605
109466388656772
984576377156921
506915723813612
445779949145082
522940116916459
493220525247431
355028893917262
357865376490608
307946756839712
990306306993372
548411846019402
513273866835989
991829174628894
918691873100058
500897515403156
102765561513537
982142849431376
014331991000616
308780287838391
306680083694281
529988308610516
917296755442874
358713876463106
359985576384274
534468672666157
514915556564415
497783042411067
916800541062481
531139483417394
495227305569882
019809786148299
994663020303304
865015367074590
503054785615443
442010571180400
981990180461720
350395969298876
507970616160398
505775096284408
865194064120426
994746607249832
334402817691558
304915444159273
452948531139882
999078282287225
869381611620331
916956127298582
106371958725747
451114311290103
301145479723735
542589536266619
868648612792355
107169030721422
981285103081824
496632499193382
452735950754477
997145694909159
359709936522963
519088039902266
457756198377645
865261105772927
358659317815273
538223814649074
523650560757205
515125145387570
995874166674585
523000503832055
533124616796672
523022002185025
491042852031747
527252969936690
492899897013470
912749367329934
109112367051938
987088618162889
983146620838740
524839025069525
512730381411365
350962908252700
996728109873937
357095557243747
533423553421066
359265606693618
013621288787037
446481959798459
868515758966905
860130205674793
339048779193987
494424331095369
511133348891350
107105994663168
983562678573288
355206911494098
018610103649998
867598309925282
537933792947792
525133202660739
011590062983769
101532755388402
867303864263223
445932539025962
444478089423364
015983293128666
514163159947386
332969285494188
864035858254213
987005189262393
514854917056326
108603122529904
535636594811056
356469024720580
448031730900359
107139691375560
451906053705770
990626869588446
526602001326709
103113269138423
335607664739123
333507986596601
535127540110207
102658049480090
527229801093849
517832917815799
448271846192307
101490548245415
534280789323345
996940611900971
530313499977276
104804448943910
991366407522404
862432262750310
442546883165548
984113294292462
339520249440248
109114264662734
987475382401405
498377091421249
547117528015458
491285126335457
017779859423253
868955799526153
355004531567298
506813303643535
304216279111954
443886208800596
532891860583995
503210661603081
549486166621168
523776568953353
865163363648239
866206322058658
017645969679714
504088856054875
862813893117138
544802504784622
351530195743589
919614398711505
869072305650623
519595681434414
450145136876602
350984230582521
534973907430386
996510113373207
017880697740443
356720476034270
518164572658671
012976143468913
993150760305468
440399652449004
446557795823823
492992199192397
542661861019564
910827272438891
339523682644029
100793619530529
442277755330388
017002892433548
333153454290839
356211294482206
523072622826193
523348774817606
355565046308212
519300222687137
917381406361267
530700463308803
860229383934126
301611421901141
515592240955272
988878163653467
989936033211277
999448813948589
331305895202714
543337042433888
918858162823613
513510891577700
357151138554829
351207432620397
497540717712884
355368655412007
330574280086120
106888840262217
492256950729064
540398981387470
359482738751319
537941535599762
515376626421921
309445606364433
102974162134103
010712621085966
544547743123252
501585130691375
491138341166753
308452054335437
016530496576495
995653143682634
331136995633668
543884547818543
981416300022697
863968770264681
308144980782176
449653968108006
010409487776438
519130127248242
330605394529249
986176899284927
998972113139400
106002696497451
521493635414151
306059843194496
983659100390313
984655439641276
988948487152353
983519736264474
307834690703758
441259111845979
863985508662952
458516070856739
355482398398066
308543441489752
528540137030316
010875177566281
336578547881672
453220051898019
544747618991748
456547442158027
453752351569627
530856093545089
019957236064184
012809727640591
357490964953188
515674463292219
982832360007825
527370165460727
987547583487183
334786203888772
457382661759985
990218474085719
011192151215003
106545552501535
305792674066067
351367315269843
505763059048051
993037801237588
509820279549833
919493909298223
493419643650530
919882786383548
916030008211088
333067503934991
501420365195910
511472140899140
515701436751748
542029493884252
455366872848945
358210630644782
356998419927822
862709919357965
514155372127556
309568986130205
330601684658640
505594027097254
866605296528267
309373177552501
982076637654767
015773363627196
916235853854425
336745289381753
518196576709928
017136503405766
861094184244821
984468889813001
456783675607949
522501733083808
524441206927843
454631262627642
993866682245009
528075783802106
541282957326473
860655009929787
527361122065980
510864940304068
505213416663119
499291541149103
493846399643949
539514295806004
520454151060340
302853786328531
496539152942452
508192003451426
990020211061973
542729024166869
107540411693283
542630118672988
359988605666992
500165595069697
538209473925319
353472115660718
509425811480081
335621656280871
913769978794689
450768778225554
504735940064241
986558427627034
547815427674727
994650677545097
306612244101484
867332980741549
458654811783068
443090553892593
545989240776944
337498689338895
358575738326825
537599115347364
509064861227967
548404427930501
440854800801589
457205674242683
448858095305232
502309989671084
355564386038067
518988006814439
539756905344609
457439295831836
351058445087342
015436988653399
520415687679317
307370328796773
988486100505533
453915780387693
107976148924643
459499119195097
987948557138267
545574143570360
984610252481110
543269125790621
538375878351862
912919298428630
863843454854323
337567925978647
010765094910599
544366635476839
496841115012393
016515336306237
013552981480077
442363840660235
534297815918914
546409239688348
105548331718769
999674456032072
306052963897311
540343168437532
453451456924460
353875978010450
863008988529979
984080821501865
337302267352387
491967593658020
508589932943771
523259927929380
918625815625418
307687873741247
010751419495417
353167447776931
502946080336693
515877838657111
456691364855465
330573033070936
353613007141172
300323678256549
987748235989986
353111849145444
338093043483054
987995054660368
491341816151108
518900005226440
492175868148284
356522899620671
493017512759034
864003497638444
528124899790936
503397672280825
490447120840301
530236618416274
865777696431979
505137188656508
998434878365407
538877432034322
496657035014438
353746165077034
335817632299452
911111853769290
455338909456844
529243092032869
501497204260576
301405735330174
498010233934379
014848113755652
492706548118378
332452469397279
499317048386680
443298450482737
985420525550009
501567111947174
338078838448354
309272681743525
502861313518373
308174336013448
547230439074298
996875155755318
864207920275902
544303797464634
516893302336941
101557026698685
983128064610108
999531118628020
301204029471384
509023043661683
106156538305718
548109589636537
101983390407463
301888844262331
014271549819622
301326662009831
988522083557990
334528028208731
012297003123641
988664249666198
504647077056785
983394828472769
102050756225084
511806383798081
447779556576767
995828975143554
532927640716776
511196484591654
491246152017237
493941099753419
335090773973026
986194447837542
532726500862849
992619178923444
995728236603562
985733266551097
993219907160233
490335232511300
100461002819954
541390551929988
868307155198369
352469636081227
336234027031913
985099278943551
336801138388653
988981005474736
448313083257839
983381890058790
448870210910705
542678888537758
355424400105840
510446642071599
510043402250735
912407280602925
106593811333639
336709056645857
011125704351834
521578143074875
524758864992284
102331658190497
862693171641771
536100829366013
542639494527922
016630255817542
916611578750884
996363046489074
337412160681079
442167892531511
533949949516250
490197615221109
303488606012392
016087285731344
107486643445508
545785931943706
337940281467762
304962644463907
529810358128308
104740670995493
982436861735254
992844861376995
354450447922559
301647740611557
332447259120543
919534412497958
509495998604480
991278591709517
457630249149735
331816229529333
520659976002059
863261554915243
860031715603621
303102212967564
016925498724764
919952792522163
447561484905882
542042636195221
547912259876031
520691889310030
988975203662894
988330819819340
301403407427238
452075546095949
915827557233475
456006537406270
444558024622483
547436667782565
106705870437586
334564591884830
508100629091625
338540020995070
860412734866052
507665629615178
339261788265759
445198791939783
103895397257469
454697597664766
301456626489363
338137601914917
300326407965132
442096464868151
332992920108294
519187649504304
335964769577183
501713932926985
307612739049411
989173358422897
992019827236696
919907780984577
019294851436731
547045796420706
105767064677311
335138216678643
018561635958391
496464746620599
452371807521750
510409243887045
357797351520317
300607889076476
986717978130810
519990422490835
339067105985866
864371214678351
514668286582872
508821080073691
496593075255070
352141309870927
457059518861053
499298520366947
452959166735837
511877691690476
986876528663504
533576770874449
353780445758808
019934440890258
442137842496933
355252122630062
444216434008427
307884972109133
455812927002053
987711197468563
548576104484652
350524108222378
860814274787715
526316670059067
493303879868984
309197953909241
548962863159810
495852958892149
510810669229390
982018551090016
015222272474415
991534422036250
998062970681817
991334645166384
300274805268354
865842301209259
523937350389053
441291474051507
509109446510310
442940678627145
355874957924904
985375358023708
524996025277316
306517396255352
524370223667696
993280911053848
514273099475693
441280675106749
339151586740824
980307309056169
509579539126358
440977182294071
499830904316203
443686843569550
303293922657387
533061164766410
868514353913321
502475831757353
444304644881633
532893014150572
529621505168588
515358764318812
998766432756088
537191675869910
358620413719421
511662628982679
530533735698143
012468266701221
491881691149859
100601886105034
443862424756896
335220934240821
514224245485763
521079908503679
993970871023381
986845703014437
983027282948433
984456233326580
332370092144555
863024009314630
994209039241273
533290458481069
332954593950865
457959692870988
916879225246628
459375519422515
010762840237096
491121362656696
860545067041528
526035291944453
503963512790446
450890419598064
516523811464427
505310769024640
992721558438587
997117562103991
496465886530894
495615861627294
496763187592021
440478127184535
334323936605438
492112051543617
495324809740562
993734483821743
512746178682422
510594576339241
331176811445202
012800353388050
109123797288651
860469785573904
307968376448047
990768962557611
338683145009599
518229330844101
335413193077220
331807926989599
868710355702569
456849691183866
913911763687070
352165295541440
109441579516929
526566056502912
013383307409925
019826242730650
495468731044393
539511604942223
103096136762667
911004256292509
863575245040750
448191617345159
353467894614704
916423939409881
981053160524627
912008775731326
338243561497792
548955641997469
452842245454200
861779611693935
504389532951660
494662737109157
985996934728054
513975485547379
503335544507108
548061481327097
100126196503678
528259469097138
445083126280675
455961005876506
496942555067804
915217273896914
444935533200573
864270457474702
862454530883756
300341803579916
443849140559803
538755520013525
339692758141366
993626178052685
548365946654213
530022505527526
351355866352266
441076371269538
987493789082694
101028137540430
018119582480776
542409019322419
509229388317720
350942646098714
911570994399889
455067174638154
998462650571934
866141177127755
496284544180863
520578299530556
518311398690707
544117036151020
013134867227516
863087976197072
352625375835228
306970202590530
448153043603775
543181674392594
520750028297092
860516640104935
548934964956584
530205225371677
534403288892517
519018681186926
355146645262181
526931579559981
544559351188055
503143377309786
547122102553551
986256714022387
990713285781845
916776354612382
331915454705244
533292977203065
860302739985280
981040606247392
524154031840368
533994091647503
536463297832118
496390018214268
504629319082381
453614029932175
011636766434631
537598821179889
457710052773761
357514207476911
528067548832072
543202202755969
516928808913890
983273769935226
492771543594478
868083236917040
490937664168432
994268161294104
491033757593709
101736493357880
012642318353070
103205124149858
334590799834731
356543547030766
444217733342483
913710852534742
101247744368437
492596964964888
351193792662718
445957920169137
307338616034694
454528459372661
352403473368363
985926348095907
337578426558952
862001395580066
303266375846343
865530064108012
107525880712482
018841604739778
103281275509265
498610773500298
536406179974300
307147664183786
998183339062109
999985487929320
863616689799053
445170076637580
999741291805754
521618834537853
354591479211765
918232351207659
338058497245911
542130882084866
999722548747551
911886678816679
503553005503214
443366674756036
989790256614216
519339084665187
501459987705466
912637082265030
017714246856998
446193300597361
440220710495211
510938554375018
357681353824580
494150734561869
864080356065752
545264861993644
988995042551512
354531942128089
542721202100489
990678696325393
303143530619370
519478824186854
493066148309276
444904464920179
525720874539272
521726825110430
549096308882915
456065726332374
107517950142856
335941779086561
109850882440942
308498576715416
109477242810364
495754568956001
867460926898493
454008218562910
984449414245075
866332609695853
302533480323877
302964892666944
516449354173276
519340400468942
017012856532219
911803088400481
445534780782356
532902098150802
983367421195466
358056618417232
523515862124133
101197645990989
499444246765695
109618256151928
520921672861653
916793986220922
512363603061261
308327028664932
546929075750480
539299627337460
446128121030366
355538926642505
995482612270097
989031178094397
993936624398768
545121668703917
913566087304834
861275102047962
867807156733800
919105716352973
547712103127627
868835349199000
499422433766767
997920116638515
992718188730557
017863304456165
997198553627610
504262691532532
500216111331200
919496615704236
517474457180985
508148318060534
019901697639951
916958751746258
526128584551182
992716041407876
995392818624643
505231531319086
988011584148848
517049699308659
995592899786654
305780717098106
353647905560042
494404484073413
357841095609885
492835438200804
868740686639800
445829515734536
448224532517881
530198617034005
516515621286495
991222926699548
103163168236539
334771879280058
447981814889731
309548074242179
339405861036021
544394851493395
531830844491850
984310834355110
015143306131120
541151797564066
459828748795572
913158446945349
356074264985966
523408771796847
450458198993458
448015543060923
354754584044667
534127875654309
992870675809798
354238545969717
985066885926469
354799798390794
919664557137497
512097253319773
010430639390910
450217769838082
533433059865708
984967928944784
864077413202816
016505946196169
502224003472098
300791487822760
986607125861336
983738473470017
305512421443702
356072550926926
866043569770657
528901026818478
353471138413295
996059319995173
524433803397314
015786520588317
306682637894334
986011867135969
528579947614588
336908529095043
303858842514833
010242030295519
529043104151743
458163632538008
522460202581596
533977317986649
540334541201547
104372611400514
521464904941208
016153731965835
108559760389433
537768201145772
525442728892191
016958863014727
012126951016301
533292177184719
305606553998671
442342783542121
539868768129694
518078834137441
546023269168343
518356810637224
459840654046932
350756523546193
994862172408222
999900162500114
356172228907553
542685899620614
542144362544976
104287009503614
992115189171917
330675279958029
986849526757875
987458636132463
981927704630802
503727653082370
545663757539447
982615505964848
514306324232925
352291389266684
869164726912623
494223848022852
450151071055343
300253295961637
359871746190033
499169847364503
999971012651548
546872945243072
458757666823465
913987146739846
913413674550711
513361900526274
103959632931179
988264211330061
501051174666112
106273418073082
919168060860298
331305046266329
917127991205421
532925690736009
305267259070032
357688673743531
511832629895283
535193095867815
989708269532274
332199672108783
306459690874358
513285802142882
449950567222216
504387820092817
919397576436489
102654944767301
544781995950845
453789380025148
912989775599740
351030972518395
997935463359416
013842579735283
867053291055367
338009335784470
549709953322553
450129562821696
498951646370786
986359307668655
301577885385404
452883550030714
545007757119232
918458013710570
860909984850306
520171964438832
537812960723146
016824385070912
534855968362618
994232672199038
104188117462216
443922170763551
354376855123101
354461308846514
912023458624094
985160572755537
303955838051745
866073066885427
449626136347078
514601193836511
016874631730207
865056068700760
528420563203937
358922059940711
338104739601683
300495546977967
496164570995345
358123819864651
996945957369558
101706649361060
990225402397348
459498930192226
984303004952857
108690178653324
521421847190806
013095813108326
457772240068868
508076560783000
545078778551489
868720719404042
338964983360645
303169297986587
450956169121868
102427598700377
356681703865946
535734988608830
869130762960958
338187614366761
914085500043399
544923347638724
337600291382878
914138508983957
359261884115382
503587437586124
508566389936649
443699174527980
514627666502033
490848542516181
916781411975376
351263380477538
442550745018135
352204727206700
332052818748113
019443914684825
455235701427157
549983982396454
507304071391142
503212102176636
982092119425568
994377125032987
542541405163393
532867292919973
337988002012359
511892369625530
458698850856434
331532330899362
999680720616863
521216488742620
864344587556876
014709818838559
910557002698411
309116007590575
513739913252543
548978817271576
862197047769329
350251011438731
987488727786935
519073709900667
103152778300587
521555173773451
353865581968897
992016811152780
331255578995201
105364836733216
519379966522577
301706991426196
339041360313262
544427887253803
868307321414484
505304569992486
510338837018347
492439030338805
300662161348879
545417589724044
984119790676538
527408467261961
535721325757677
519042644703338
453983423315653
333676899933175
995201540506202
358258428048658
513293003572220
511030332673564
540606884277774
503197432616262
987292433896701
108430016421208
496131682710870
522418797235366
531239567307766
532676798149948
353031595648294
864811564105687
449590056226292
458940404797973
989797202893190
491497352467975
355049867789198
911972295437410
354647266845015
508003517164514
991607307664345
337143938479120
452641378829554
864307482740200
539257566249542
986370702700910
354178493323345
018930378455909
339974311951683
543660735143740
517454738969034
015878222824700
441644458287598
445557192439265
549786502283981
491838366265204
546674472043259
868670691839485
913572583560945
445084605501052
498704722055569
984063822935860
545109337803143
537990369313212
543377533317109
101616590065257
530185029649561
444697353335539
512906020401302
527057426350983
532462756471354
868223685659657
515293658629471
527086529486519
011188271161812
453427188084526
449316501222243
305816919317777
496714667259425
916439125331788
500607398913308
012734271585085
516833439583395
440118319102826
996544779078198
540087962189092
355480786413489
300202471631837
991361231843746
507950419258128
337105118084541
011128959358124
106312375356526
492831747913138
547127231501280
492382660754109
861753843093917
863806087123879
984833167645591
914117272778413
444219098408933
109013447158034
543136496542867
358441307745582
301409921576350
867009303776986
508958897307423
308454401189764
542135099950775
015733831298145
531320377387865
451331392421890
536700778228138
014129119925361
542565717712357
990744962228537
457392082088757
526206759335803
535703167321069
513512152647073
012721537063064
527590774587749
988719535704796
512620523415400
440804254144044
450418850419127
860981089338354
105687385355118
862198047283188
444956823532343
538979599054968
868968680224945
913428593347791
548056163274062
986103704793058
442876719298027
107570930987361
508403829357626
016890363474731
527433410569096
524282514656850
331773797150549
303678079367576
450410722804503
333848862590411
861352172629142
983390722840838
533486695625654
994732246236521
456439030975568
336985908878876
012836567209427
515893577388354
911194147197668
861600536096071
356927450282094
459768201800255
980807957286133
301210667811740
503098930714288
440666884436482
453792402919728
984080159408089
446032497761911
537094356723713
359847214160906
440229941588843
338178066320620
518263990416017
508159862263481
862433107267783
502971248059375
102511448768922
494240087594318
011287703008151
337274042662440
300062100527941
507100732965500
549547159802576
445126952141980
350786134181734
536356795399244
443295355208019
447770956133895
459276482143080
536439759460887
525622967720621
531486691487317
350563608803899
440792720976604
490471583554761
519565430619326
995380514830093
304612019097778
508663359725936
499743084805301
537850048147805
494307291390153
998734599097001
490397724478828
532896706800495
548628517865942
528434061115790
495353951748115
446133213147243
982311301356096
507225731893559
334575792627679
100010778251627
508013445265739
458176631584781
544922138148737
993523607146800
353706844094487
490334728301334
860075589985366
109469008503739
017418676566131
359483945272271
992879984018546
448360293714257
440646018141190
355151269310241
503810739126088
500825062737882
499168179856367
446430979603546
983404961248999
869171502829822
100202181098477
863355138412642
863964215483184
495341729370627
103339928939352
867510447965385
012224829433343
358460470019807
017960086486459
993819869661548
501859545156641
520202827059521
521292509635176
996718028969189
991990457123076
454227996207627
985989498018251
913996014398874
304766276963872
309807367089345
914006024592224
987993587538078
441373773747066
490409801655366
522752819512000
538936302305350
985690282519054
339680881397377
993224793762902
530743157547013
864163475381274
010518069323706
335564845531848
523112906037859
864556988709586
518445875458616
455600026610516
869192433989766
356433984509128
354326296327738
530901740954456
019625590389964
919089056915500
459131415244069
305269295604808
982629217884194
523531989781432
501093694452243
446633437385859
503460070417777
988703696472245
457452162226964
549949191223409
451152756976125
544601781754583
544603500245703
448818695413596
351745619441491
528192947909394
530380583159319
451923162162652
301708613481260
862968804101587
102996610814911
309084032692933
521637070365407
860809294984185
993442621453615
505632634945265
015400077788714
351273317458329
449385492852128
300407388733754
511273090511291
519067577335584
995712818698570
012336536930609
548780087052839
454757583723578
490537132671890
533923575413462
505628586000471
986923751924086
549628864159625
492740554953642
988348336868913
861605843350236
915253176861846
913624324655714
017714196120460
104305103746119
546819008896262
104478198246764
358561222539677
443863304180496
512591925684291
535977855026806
495961492113605
917925657665311
515421515995690
330433178053314
914521084986348
529696676042614
102512903435346
490753954566585
517952062272966
440265769949600
910242044710777
983366763360902
512638805558507
459732586414637
350844454222263
358036038544401
522502442936906
357932592594363
538862189422532
524979611176472
989226818345411
532610484106391
019457915076468
458622851980589
500298626263771
864748419638126
300088459289148
506564463747588
106740115034740
517747465425389
514719421157169
307928317611319
501957197464238
497256826564369
352543968935125
496391306316138
864527020972110
912172115173159
457438340322346
864228557820729
989101857447644
300654931695770
988633496739289
459306874863340
911358910383678
302761565183573
017783065542583
447265540812047
867266012910484
862488029267774
995976252330681
538454316195635
448251957479982
495948685079313
306340221820476
334870627252706
513168034130224
494862348578556
353806000220916
105501181125890
442494809391825
357886113763180
517319023204910
982955436387192
539555561127724
441542094740782
997683079581987
304258931777558
491889613759481
102747894305427
516332334468174
502881823112418
339548716048145
015218829510628
010158336545839
983272928565817
539311105082367
500545450250997
999598135502710
339492275813682
910794943023884
444860310540647
015249646507307
445154802251023
916720941585925
983378153971149
492874336100311
103114541401951
988395668067747
508871075622390
997185806868331
353809225796702
440450569475747
456160670055467
508140005195855
332453387157126
861973429340637
339466274347884
548057201413597
985709624016965
015773806470238
457658658744514
539903501402874
511799102055638
997675414242853
351329932172537
864091417591496
868546424745142
541393389257580
860998157533278
982430431014944
547634083208120
536679190169395
109787206026546
526519349465348
992433280572515
357033582701744
350646920397656
330920816790414
337901266386096
013102859461443
495190568266085
993750790752363
102830187125536
527267961367132
506542430958025
491321357019773
544293310640820
450751782601440
534085781658667
992587642671446
497899729473442
308926771298861
910924978626521
988427981296982
522869814386626
501378374457111
102711715961446
981648382390275
545039155945272
532624924166964
522540286124940
545872836836878
016270029184422
490784302048596
451557018604523
537276235841622
332944053995294
502200577516957
526820115317329
995019211102964
999255748223412
331424900321185
505198598336669
355195450299481
350511482832609
513858714573004
336631726408252
992153919996550
547164460691102
519272154316219
448036212184422
985073028813752
359803750687398
357366083490056
451093846142494
304761147926695
013849651544194
523311148090672
108783973214036
440826180758332
994365057171857
490768082854232
453379253939573
350278254723792
010225407157727
999503647670559
529154730830301
520419421389761
308598211826229
997782498304227
533553754497000
339068361790651
986464894713839
529259844173009
499553309177059
442389323969470
519046844105129
991457595471007
866198066495198
354219078930631
109810243015221
866696062460629
999404556534607
503224522149622
993772033975726
980731325592263
330799341323556
494249859646487
989738647486976
358145332577643
986572046124497
444867273919650
456506872975730
355514543448048
981495853309172
491102422241927
440378163844820
543690526176922
910543082975549
994190808726977
440400114311400
980676498123315
108965083205398
913354902601183
547470892858940
455610922625112
356305295134434
990721177609180
303839663777519
012915279226752
499084160430494
860036362620992
527175649353442
454058526162689
308289492601446
544493943956243
444732392436293
444122093828891
101203708844343
017556210616316
519410258723910
449773044889856
017872840295649
496025417024153
356894400434060
332732657978521
529959461993023
102236066627404
982192279969643
443634452436182
990985654169469
919281044978605
992531302957562
913481243078514
302511375740116
990638129110267
505431850405355
459819591916597
513490701737986
446039517113122
497329001353385
514601038912220
988879138743425
454362670070056
547582716677544
359845549881816
543726499186470
459646628777415
532064042668874
354709476303043
515726499704292
984185253026891
993887238378532
495659241730964
490664469471866
991582051555496
335107425108601
308692446789532
860381875395033
519337132947326
331445415677027
992598393410017
983012163477876
018386245813442
336880624761268
305681535559198
509406960267461
861010307319993
533994810474049
503621036601743
490913124067449
107555239696433
494550867439827
992305136313932
457621923590997
980495435298134
540676974102588
494674177150146
522005356688455
913511134468232
304203719687801
511724736787109
861915576451832
504100741513112
548249040290647
529814719722411
109908131431516
105542117988142
453429046843523
496317929905825
444763288810366
100378703739663
533641013787384
547839716187324
354933433782665
309765856955824
981505449132290
448183208506356
017727300495149
333572892241262
526221636420959
982425692599831
014843184288295
520804941124816
332215750679758
337837222771114
336146469925354
515336803164454
980187134395093
515290570922885
993300917111935
354235686193214
521403206897650
994349144216362
993140275064486
306254031520921
507362476956331
545075598277600
981556086669813
442589761561115
502726027726515
013388668827342
335913925095283
912295435802395
354986222594055
498788965503070
334008961742442
985401155524928
537903942367837
538201978691306
990994696576582
524953842003904
529270176714716
529903134291902
539367001631335
521334760019607
865327736886426
509472498313573
521536269189240
448992831624257
446529698060969
985229193507062
538533150287499
351708992640055
495349808842978
990934556200253
524645429511131
919839120304044
998408170491772
916245587472345
353466281214102
860057915055346
914425099701082
526369993396419
546076841114425
912017869627795
012359724270133
300289454446655
539508340533811
918856728078136
107964625191357
867246325494061
338454148713664
914314925896094
507147908424135
540807743918075
497725878077017
986616921374337
108831872483911
308852532949602
531595510276535
101373341338746
494400871443888
447201954262189
356524457539699
355401478815922
455529894528841
919530657690000
541301565139555
992572845222668
505436718090091
503183639211255
991423471473897
982809700384478
993959253266866
912695082292636
542050551741838
350392059476769
995199472835781
865254024972744
546838437557329
992137472702687
994659690514964
330715444461945
303937099944891
331469862845127
103596257672280
441811510025882
357249213818752
542082138921732
334250628728030
521146257746405
351850192363516
302620262548969
533709771841931
359735535726002
522221260264743
451524368043884
333747375353483
019696691092211
510665811894388
451037961508674
505749463471179
012469973387544
307550282692759
336414572346912
540351925310165
011946989744645
504376375805210
997359634067818
449520222095800
543974921615126
100604485931149
490829501430341
543320942873759
996575488831709
101827164292363
517237992847347
307173145962820
517502380802810
330711713200296
532906033295929
440765699221285
100624313603454
496748835185823
512975378288793
911778716615314
357858560475675
490866344290979
502566655894627
507997450330076
446984399975439
513339434150050
915699047911691
015560304237296
986005712658365
523434328212336
458791067198987
309693186400974
916293701517132
916738201921879
984023664166412
496351037648365
549017035281403
511135507505614
498780359692148
333956598644525
442627064846591
308452576725156
983067837299064
998249272161792
015123673705706
505824998403151
335249076849966
503612229845213
504697689039299
503007083154895
102083421019699
866007435861339
107169714469397
301284560754398
338123751662142
546732132583211
355383245504122
529734034698668
989955025792417
011906767969384
547539751440345
516096821612152
357194296705163
529126386295369
919691643366426
456901101969549
302704796325076
998901692186615
100383627203788
915043454446174
353051752800066
862276153794550
496930224828789
918679259027698
010967940470873
982821562336900
517494071732706
535750568247435
336320373976312
356968371215458
308239504300602
013180669666724
531299607802291
524229328205689
867952203647767
302890663643855
334751212742287
528177544645269
917537497471105
918354251095339
010771827533047
864849884679791
109993861744700
100404358400730
494139311106313
353159223435675
444310737990041
444545201021241
988220115784357
532780037639923
520021390988969
991157421573915
911355184269799
496257242668637
988980133192368
506137197810459
013333158355693
301655871730120
443606020295365
353661878145921
995417662872095
102774040776665
505309840394196
013010607933151
459689123012086
508013456617042
014575167427041
351806599907826
107756942073387
508129310659903
538713960147691
350791948669114
455523535655402
301874364308092
522708197550111
540144205482576
356616286557619
457671107411882
513447272333736
444705120784275
456736074629278
357249656334002
303596023175863
103454238846856
014061836492682
309870713114209
331094083970767
494295074340125
995501163477072
911352621280489
532847932052674
989745605014047
983463869298217
518959967670870
013555662455094
330632806888757
455365340175360
997082515623174
017770266344919
500371521943357
986840620825767
332907546928859
508287249983354
494904276355597
547574557455619
993132511836603
986390422833395
867722956821616
496282988265273
504418220398833
448338207839758
102136908670796
910824384584878
495488217693810
527151795081962
455522852464349
014445775589196
860708518876146
531986474183041
454770748776837
540629745263619
994464602329928
531136579237884
441765932464204
868174140399639
503402192421303
491446008611858
981781206409284
101899801519540
494458855858497
546741663082964
497940123911882
449119150586045
518823892244195
491796378638398
513164151086687
543429638216825
330841415543535
454249477175511
306122059548811
452301630260953
993655863540522
492264184252861
990128835869760
459512825329766
300427354223788
441947332571875
545304374962015
305889376199855
919433870732628
537752578611921
506564132213228
919142738879543
352072020928449
010927304114392
336782164333526
500941101515682
983472195801909
337624478759989
911606985112764
914004366045026
525270211158907
542486006652172
331182277762668
518438393035776
352223880930997
917938059597438
014427987020335
330138402491814
862869139780113
518374545898482
018642051856168
519988503296105
443922632530358
449443620431453
526890180958216
910132659683411
106853819026779
453711293001537
012434062871741
505155705281642
339480293487910
011680557571359
984112106265609
529007462860179
103656669030822
503014477857018
540028180818484
101068602909918
530537031316052
109013277935410
019892785166322
982721753931156
355878020602132
306632068549295
987715209345560
865800938803589
507942932861785
353383938479543
543950774871784
016312356120064
493411375067645
988527669394288
308933756317773
106361439096198
869921185504047
443955668729023
309245560090093
912798910748058
304488532628633
866226596096739
335709335290666
533770898771542
532749915721723
547222870940517
996157881245959
995284642880022
357216057994122
440964126067359
455008066384168
992209521633930
995909946899399
356254522205718
541560686385534
440583388814660
459214824371572
019634588695721
013210534582465
996079937956746
516972338693101
351688244277411
339396169797507
447540463077368
105672410992671
519968634454765
538920843276502
300914243403044
523274569284044
993229569319829
104626574075427
447122597092892
539711811226499
332020893573755
522911776100411
358557716705154
539821812179710
863086737111018
108649762728744
495425798262706
501650957621697
526244542881239
982342789845383
359325699658090
501084481381323
014327014904008
991618412720559
493997248042708
517623486372753
491260133298303
865180079046680
539137698292091
454158810282175
453562367013092
530679977133685
101111129857168
102945400894948
101098048722559
333507421509656
306130080103795
521004668695010
450096602663794
535901327911726
543414671930854
986137309743175
865558628886286
864393252468784
443045556077196
508593029185940
518866868723197
493661903402959
863280446873287
995556565997663
107211982467073
109981335175148
535428930932451
330146465115113
490029525220360
502085125869416
516825642392937
446195283339141
306629985413472
868581961488731
440069228066026
307617325804475
017230574875773
357495287344312
527680041369037
988184464556859
107913940897057
548542307512723
867655565579854
500254366980454
499975393337887
542635660464999
985182842748035
449699811501087
109595436627839
519334624978489
514236609369623
980746102758820
307302039702816
458999440585636
104945489851999
300817736907688
541977153458109
517932713369437
359457857726003
529692190040804
492959744509987
306540486361260
106198293378068
107709625346620
492469777788953
446922867893981
522817159950811
102163272842595
502808470615724
107844357347148
546493663000261
526945694324709
515956549459957
537418416342000
444110694594558
455850956930711
524599672701743
984022695354856
308664465819797
457923718809560
995993929408170
448923455288517
524610376350990
505534599307780
356032623938407
529863618472206
530567910760187
491594842841726
992816459699194
507251046398357
525088701758287
540728549461807
869555750090113
103651246500637
339574896879091
013689199748760
350406743146404
510549507952140
350576449209456
537963640238037
915148684938286
357074514807795
915460307321760
449713253015710
988750175366174
104840562981260
524483568998004
491091721406945
337660679653126
015884402425193
539636585104475
548809953437988
352831477917126
980562769191027
012672031737309
338963226874594
511602750915691
308938307672196
984299873278368
446086727664535
913711475979025
308168001020621
534884047430659
352242364570491
996330021336273
441550365306266
919836378875717
519253146836571
982091246369574
330795104500117
540148708100015
983538334493293
508926025457261
350222854919194
866069801592765
520258829195028
102064607158824
496658484017609
981350609860202
356531507742017
990646577288808
510256139108808
982728222713131
107859401459269
502483427831251
339125996163025
542289102481268
445166197679972
983651160846730
542218094742049
456501698822471
013187092501790
507913339585657
455893241215399
984003200093015
338419836662804
449246126304318
869906126396603
304697058363504
545996892780181
982447747451131
493744477801598
351204291769431
543084757416407
549603455409424
516133642383174
338884430535047
524857115295925
305129382024908
504590094788644
528164049548065
105174192492376
913896544127076
337412437246250
521704282786794
510327732664537
350810822331276
918933785136287
450191618627402
357822371278975
455082846337275
458545183205443
523292229315438
867835411543441
495411192349893
102510306882155
982961142701262
502242992054164
492661025199310
985520573237191
306087511833343
999339824499573
490856345116810
331954803650736
502692436004375
351009333909311
450607904102941
511313896996542
548758693117824
528750091437932
864023913424880
913862563674166
456661076090149
108036702127676
441522156408320
998885505807899
013626387557157
861894185048265
986484018468862
105644477168354
863417934240211
538522421438353
868101489178332
337333989652259
526898997832730
865873923297885
106332740513262
104075575529497
866430545540272
490542651663401
502575106166592
338089766410282
444152142749418
108563711575231
447174221673670
440016309544322
910565535611660
500360759067815
995924444799249
441009881922817
106768379439313
987546250312575
916256197954887
535483326028729
513744213629846
017631982946538
518955142870047
916352347907949
864386216078848
107045183463683
511666877007096
986684339286170
010456397494578
331341049610072
988058395270014
451465046729066
528701117608741
335938110577027
503539305479999
980138532049295
107683691952738
104469118558941
331646395701246
012406657099086
990167609133516
499743614464603
994158785167762
915191494679336
533579803858850
455612602376347
333419085908846
981008809178334
991950500381055
335617821808208
459883092278584
513260680823887
494097937419033
453935937054707
309101471200737
860446279446029
917047487222278
985423108939763
981812111768413
528543460885611
355653754329560
505575610631377
523187251308600
350737703103922
331216724721602
502036474383541
451676873451646
490477830834278
457345001933057
108181457348976
517357956782122
544291901949907
989635875065144
988427227727931
101989551723200
015987110769388
522838557649078
916012348693522
018902167017596
911313483743030
863102640818563
354204194504270
549202424095065
916641539654891
309808729677207
547292847824110
101776805427062
983675960006583
528548495324593
011552363861433
982804172214105
107669696699291
536656773081841
107804734805135
998698586275740
988230400087234
450821124367420
867187464510103
531325748546172
013283163838839
998437700726829
996583338067631
012284932485986
548464611084044
333797431700060
515323404474367
100089553613888
499048338894626
994003225915943
517770870587155
533647017100375
539494533223207
302849337355155
501162082897861
017244009715082
442854100095252
301119843475116
547954709050601
861262875401121
533566927581203
358562167578266
440553057755304
545945011127543
019162514110672
457533462493659
301967222564003
525278556027504
541400903750642
356846155081710
307371638186754
497406852518959
440340948499874
494710564193925
306862096168111
331080743962534
102004716514541
304467875577292
455212038201902
507283765190855
100382852459875
525986104950536
013885892328799
017348586141826
915533987208752
540896391746755
302781743349631
987874716958736
459030216984909
547284975079336
306213883985863
309481822718854
535507858613324
543558817748651
538270008425621
917775155333916
861581077243530
453992623063450
503714524380860
308703694242866
502402196244272
495292254624203
510727364276643
996819597547842
539937440484163
351059713381839
993507185168153
351225376566756
502396009831954
547733159558002
507407588156302
103783949276684
988010074790325
495270645879330
357568098321503
450857841045634
351709328193090
500753826321225
501242442108538
520054628668699
508814966585748
359675149132009
509202798051718
442695758364239
541892448081162
984908815800192
500005404935771
530375748600090
548823310489129
304586086728475
535977560935226
863998101883214
982249505150313
868406799835459
521079133348023
861313659555960
549840646468006
914302146874008
447171825359680
509977266379895
911157469116285
106617440026510
303557722875021
535420576322220
861287139860663
528384358411529
532220579475105